0.10000000000000002 -20.531838368782278
0.10000000000000002 -16.888239149125894
0.10000000000000002 -15.116016813487636
0.10000000000000002 -1.5511400059676208
0.10000000000000002 -2.1701648819121915
0.10000000000000002 -2.0964680738602617
0.10000000000000002 -6.4155062164908
0.10000000000000002 -16.393511284154982
0.10000000000000002 -9.200119067794224
0.10000000000000002 -21.662746036642258
0.10000000000000002 -38.80638661319244
0.01 -8.047729413960905
0.01 -6.7916855551751425
0.01 -21.96245901439506
0.01 -39.48426988613489
0.01 -22.651611001471817
0.001 -12.638334170276465
0.001 -8.894477244887605
0.001 -38.705167223102585
0.001 -39.48426988613489
0.001 -39.48426988613489
0.001 -15.379502158717935
100.0 -5.091806694277329
100.0 -1.7925301652327932
100.0 -2.954646038680486
100.0 -1.3854249901115698
100.0 -1.0481362349068315
10.000000000000002 -1.734052745025663
10.000000000000002 -0.942780886056276
10.000000000000002 -1.6972995283885772
1.0 -14.93115513184069
1.0 -1.689001773290188
1.0 -1.5620420152163061
1.0 -2.036515695166649
1.0 -10.921577587099701
